,0,1
0.01,2.954792971626531,3.004626062796798
0.02,2.955431608514273,3.004626062796798
0.03,2.9560795038815773,3.004626062796798
0.04,2.9567367933502298,3.004626062796798
0.05,2.957403611038166,3.004626062796798
0.06,2.9580800890973538,3.004626062796798
0.07,2.9587663572003433,3.004626062796798
0.08,2.959462541970429,3.004626062796798
0.09,2.9601687663498453,3.004626062796798
0.1,2.960885148899917,3.004626062796798
0.11,2.9616118030264684,3.004626062796798
0.12,2.962348836123178,3.004626062796798
0.13,2.9630963486248505,3.004626062796798
0.14,2.9638544329618224,3.004626062796798
0.15,2.9646231724058767,3.004626062796798
0.16,2.965402639797134,3.004626062796798
0.17,2.966192896140411,3.004626062796798
0.18,2.966993989058433,3.004626062796798
0.19,2.9678059510881516,3.004626062796798
0.2,2.9686287978051302,3.004626062796798
0.21,2.969462525759598,3.004626062796798
0.22,2.970307110206295,3.004626062796798
0.23,2.971162502608643,3.004626062796798
0.24,2.97202862789606,3.004626062796798
0.25,2.972905381451417,3.004626062796798
0.26,2.9737926258036853,3.004626062796798
0.27,2.9746901869987563,3.004626062796798
0.28,2.9755978506192404,3.004626062796798
0.29,2.9765153574217673,3.004626062796798
0.3,2.977442398557933,3.004626062796798
0.31,2.9783786103426033,3.004626062796798
0.32,2.979323568530791,3.004626062796798
0.33,2.980276782061824,3.004626062796798
0.34,2.9812376862271033,3.004626062796798
0.35,2.982205635215371,3.004626062796798
0.36,2.9831798939873027,3.004626062796798
0.37,2.9841596294293553,3.004626062796798
0.38,2.985143900735386,3.004626062796798
0.39,2.986131648963711,3.004626062796798
0.4,2.987121685717187,3.004626062796798
0.41,2.988112680894848,3.004626062796798
0.42,2.989103149465859,3.004626062796798
0.43,2.9900914372204106,3.004626062796798
0.44,2.9910757054580865,3.004626062796798
0.45,2.9920539145826366,3.004626062796798
0.46,2.99302380658355,3.004626062796798
0.47,2.9939828863999733,3.004626062796798
0.48,2.9949284021820577,3.004626062796798
0.49,2.9958573244895703,3.004626062796798
0.5,2.9967663244984584,3.004626062796798
0.51,2.997651751323942,3.004626062796798
0.52,2.998509608614699,3.004626062796798
0.53,2.9993355306277785,3.004626062796798
0.54,3.000124758059088,3.004626062796798
0.55,3.000872113980572,3.004626062796798
0.56,3.0015719803232086,3.004626062796798
0.57,3.002218275445265,3.004626062796798
0.58,3.002804433437696,3.004626062796798
0.59,3.0033233859426027,3.004626062796798
0.6,3.0037675473946956,3.004626062796798
0.61,3.004128804737082,3.004626062796798
0.62,3.0043985128072888,3.004626062796798
0.63,3.004567496731524,3.004626062796798
0.64,3.004626062796798,3.004626062796798
0.65,3.004564019381757,3.004626062796798
0.66,3.0043707096053396,3.004626062796798
0.67,3.004035057382875,3.004626062796798
0.68,3.0035456285450666,3.004626062796798
0.69,3.0028907085580006,3.004626062796798
0.7,3.0020583981629376,3.004626062796798
0.71,3.001036727915237,3.004626062796798
0.72,2.999813792127342,3.004626062796798
0.73,2.9983779021017907,3.004626062796798
0.74,2.9967177577755066,3.004626062796798
0.75,2.9948226359962224,3.004626062796798
0.76,2.9926825926400022,3.004626062796798
0.77,2.9902886746957873,3.004626062796798
0.78,2.987633137345918,3.004626062796798
0.79,2.984709660034164,3.004626062796798
0.8,2.9815135546207467,3.004626062796798
0.81,2.9780419580699777,3.004626062796798
0.82,2.974294001791522,3.004626062796798
0.83,2.970270949840017,3.004626062796798
0.84,2.9659762987257934,3.004626062796798
0.85,2.961415832624101,3.004626062796798
0.86,2.956597629272255,3.004626062796798
0.87,2.951532013748825,3.004626062796798
0.88,2.946231459527881,3.004626062796798
0.89,2.940710438549955,3.004626062796798
0.9,2.9349852243823733,3.004626062796798
0.91,2.9290736546819987,3.004626062796798
0.92,2.922994860963348,3.004626062796798
0.93,2.916768974985492,3.004626062796798
0.94,2.910416821817577,3.004626062796798
0.95,2.9039596097931533,3.004626062796798
0.96,2.8974186271391136,3.004626062796798
0.97,2.8908149541349206,3.004626062796798
0.98,2.884169198327892,3.004626062796798
0.99,2.8775012587288287,3.004626062796798
