,0,1
0.01,-0.0498324640135862,4.6622516937502597e-07
0.02,-0.049193827125844074,4.6622516937502597e-07
0.03,-0.04854593175853999,4.6622516937502597e-07
0.04,-0.04788864228988769,4.6622516937502597e-07
0.05,-0.04722182460195117,4.6622516937502597e-07
0.06,-0.046545346542763696,4.6622516937502597e-07
0.07,-0.045859078439773986,4.6622516937502597e-07
0.08,-0.04516289366968855,4.6622516937502597e-07
0.09,-0.04445666929027214,4.6622516937502597e-07
0.1,-0.04374028674020035,4.6622516937502597e-07
0.11,-0.04301363261364898,4.6622516937502597e-07
0.12,-0.04227659951693951,4.6622516937502597e-07
0.13,-0.04152908701526691,4.6622516937502597e-07
0.14,-0.04077100267829475,4.6622516937502597e-07
0.15,-0.040002263234240824,4.6622516937502597e-07
0.16,-0.039222795842983146,4.6622516937502597e-07
0.17,-0.03843253949970631,4.6622516937502597e-07
0.18,-0.037631446581684484,4.6622516937502597e-07
0.19,-0.0368194845519657,4.6622516937502597e-07
0.2,-0.03599663783498685,4.6622516937502597e-07
0.21,-0.03516290988051922,4.6622516937502597e-07
0.22,-0.03431832543382235,4.6622516937502597e-07
0.23,-0.03346293303147434,4.6622516937502597e-07
0.24,-0.03259680774405737,4.6622516937502597e-07
0.25,-0.03172005418870021,4.6622516937502597e-07
0.26,-0.030832809836431878,4.6622516937502597e-07
0.27,-0.029935248641360983,4.6622516937502597e-07
0.28,-0.029027585020876705,4.6622516937502597e-07
0.29,-0.028110078218350144,4.6622516937502597e-07
0.3,-0.02718303708218466,4.6622516937502597e-07
0.31,-0.02624682529751387,4.6622516937502597e-07
0.32,-0.025301867109326408,4.6622516937502597e-07
0.33,-0.024348653578293012,4.6622516937502597e-07
0.34,-0.023387749413013848,4.6622516937502597e-07
0.35,-0.02241980042474616,4.6622516937502597e-07
0.36,-0.021445541652814416,4.6622516937502597e-07
0.37,-0.020465806210762095,4.6622516937502597e-07
0.38,-0.019481534904731302,4.6622516937502597e-07
0.39,-0.0184937866764061,4.6622516937502597e-07
0.4,-0.017503749922930124,4.6622516937502597e-07
0.41,-0.016512754745269132,4.6622516937502597e-07
0.42,-0.015522286174258482,4.6622516937502597e-07
0.43,-0.014533998419706918,4.6622516937502597e-07
0.44,-0.01354973018203064,4.6622516937502597e-07
0.45,-0.012571521057480484,4.6622516937502597e-07
0.46,-0.011601629056567189,4.6622516937502597e-07
0.47,-0.010642549240143843,4.6622516937502597e-07
0.48,-0.009697033458059657,4.6622516937502597e-07
0.49,-0.008768111150546867,4.6622516937502597e-07
0.5,-0.007859111141658815,4.6622516937502597e-07
0.51,-0.0069736843161752795,4.6622516937502597e-07
0.52,-0.006115827025418288,4.6622516937502597e-07
0.53,-0.005289905012339326,4.6622516937502597e-07
0.54,-0.004500677581029159,4.6622516937502597e-07
0.55,-0.003753321659544271,4.6622516937502597e-07
0.56,-0.0030534553168534593,4.6622516937502597e-07
0.57,-0.002407160193175845,4.6622516937502597e-07
0.58,-0.0018210021732856683,4.6622516937502597e-07
0.59,-0.001302049394633733,4.6622516937502597e-07
0.6,-0.0008578862948078192,4.6622516937502597e-07
0.61,-0.0004966228868917166,4.6622516937502597e-07
0.62,-0.00022690129479569757,4.6622516937502597e-07
0.63,-5.790034463994523e-05,4.6622516937502597e-07
0.64,6.738120551891769e-07,4.6622516937502597e-07
0.65,-6.137779668586657e-05,4.6622516937502597e-07
0.66,-0.00025470437037111693,4.6622516937502597e-07
0.67,-0.0005903699478378341,4.6622516937502597e-07
0.68,-0.0010798049469412673,4.6622516937502597e-07
0.69,-0.0017347267144702254,4.6622516937502597e-07
0.7,-0.0025670374366215196,4.6622516937502597e-07
0.71,-0.003588707722100842,4.6622516937502597e-07
0.72,-0.004811643512662757,4.6622516937502597e-07
0.73,-0.006247533538324209,4.6622516937502597e-07
0.74,-0.007907677864610349,4.6622516937502597e-07
0.75,-0.009802799643895292,4.6622516937502597e-07
0.76,-0.011942843000115158,4.6622516937502597e-07
0.77,-0.014336760944329834,4.6622516937502597e-07
0.78,-0.016992298294199504,4.6622516937502597e-07
0.79,-0.019915775605953635,4.6622516937502597e-07
0.8,-0.023111881019370662,4.6622516937502597e-07
0.81,-0.02658347757013939,4.6622516937502597e-07
0.82,-0.030331433848595143,4.6622516937502597e-07
0.83,-0.034354485800100365,4.6622516937502597e-07
0.84,-0.03864913691432374,4.6622516937502597e-07
0.85,-0.04320960301601627,4.6622516937502597e-07
0.86,-0.048027806367862295,4.6622516937502597e-07
0.87,-0.05309342189129237,4.6622516937502597e-07
0.88,-0.058393976112236234,4.6622516937502597e-07
0.89,-0.06391499709016224,4.6622516937502597e-07
0.9,-0.06964021125774385,4.6622516937502597e-07
0.91,-0.07555178095811883,4.6622516937502597e-07
0.92,-0.08163057467676967,4.6622516937502597e-07
0.93,-0.08785646065462496,4.6622516937502597e-07
0.94,-0.09420861382254024,4.6622516937502597e-07
0.95,-0.100665825846964,4.6622516937502597e-07
0.96,-0.10720680850100381,4.6622516937502597e-07
0.97,-0.11381048150519683,4.6622516937502597e-07
0.98,-0.12045623731222566,4.6622516937502597e-07
0.99,-0.12712417691128872,4.6622516937502597e-07
